0 0.10586998633076079 0.08835070744590176
1 0.057806418224776536 0.027354229974597757
2 0.40342506275539314 0.17428399055835073
3 0.035230934333419846 0.018573066279265193
4 0.08863577648970647 0.06383739781540793
5 0.2688507443545666 0.2780367859073667
6 0.04646690879234861 0.019865651037913445
7 0.33456184900257635 0.2564653275481826
8 0.3653734576478161 0.1850658616958755
9 0.0296030246969128 0.018702494612103365
10 0.04719095784924844 0.009317563467005078
11 0.15077008242420956 0.1191213718670196
12 0.01779339839296631 0.004749523262516478
13 0.03171503752512992 0.01433784862282065
14 0.10365316859618849 0.024588254447606175
15 0.12074030463413774 0.06924664670731416
16 0.5013509308748736 0.09907901840246275
17 0.261022755127284 0.10580630864810088
18 0.03548726903136915 0.009983505439571083
19 0.07080612022152896 0.06715576643799036
20 0.030776028891526593 0.01732894889006185
21 0.41483287047538053 0.23450402391227987
22 0.09282614418154003 0.04270831830006648
23 0.04567179629567824 0.01560580601272681
24 0.08176430197158889 0.014383272585282157
25 0.45810769512910604 0.19821138120351944
26 0.5364887919625196 0.21653426153188857
27 0.06083661537198491 0.021238649166154873
28 0.017548651012986978 0.004801180600833466
29 0.053020451628600175 0.04882365071350289
30 0.2547975889763906 0.28646729613340643
31 0.6123080185254611 0.208479253290261
32 0.026692445016379605 0.009855338244289719
33 0.3522160630849721 0.1707101624064738
34 0.07095633374517747 0.01344807337599962
35 0.10680097366352677 0.011463274817030961
36 0.0863248481582288 0.08007912663191265
37 0.4754095278103978 0.1901546128460965
38 0.03039467171332931 0.01210422627100929
39 0.08366943357200701 0.06251776090758433
40 0.05033651167159011 0.014159721672830626
41 0.03635745037096281 0.011771319513376972
42 0.023525282423904084 0.01555446982605909
43 0.0380768279888392 0.006794308127933375
44 0.14383922670573476 0.09731680872042518
45 0.03814843727038013 0.008086900699509474
46 0.21454067214893527 0.03870826513078102
47 0.04238866017706789 0.016100256426277156
48 0.15947272882008082 0.016319082435436772
49 0.04368658783549498 0.006009257314209708
50 0.08234468283567806 0.057989161304459386
51 0.0675345037392201 0.014637293357501073
52 0.026241139509101192 0.01897741360101539
53 0.029751550002110345 0.00895094270489728
54 0.031887466079706314 0.010649431490679147
55 0.06920754412296702 0.0378844386178572
56 0.045197877172849926 0.01866843292906956
57 0.348613758198504 0.2108211435388729
58 0.27971229157459365 0.11229546549219345
59 0.3340033462746008 0.25011793478319483
60 0.265226567193265 0.18107181653056378
61 0.5861937030262065 0.2937650581817298
62 0.37032560251757257 0.1055288320143512
63 0.2629760742639806 0.23380219794025767
64 0.3370199469429783 0.3326121872771535
65 0.35790864243241804 0.3396427015481463
66 0.5802695007366716 0.13864903361520142
67 0.34255778261650366 0.21909801766599762
68 0.015242300438479347 0.004157291304331646
69 0.03405068899842084 0.01621387645872535
70 0.7398393146241383 0.1111483465952052
71 0.043549022537669346 0.012563857465419064
72 0.4635736083481326 0.3615434051817416
73 0.4165088760333181 0.3042733031140214
74 0.03296384441034665 0.012428772124388936
75 0.02902020955837313 0.0162779828318484
76 0.37585445395531764 0.28568526024868535
77 0.05009956319996822 0.037371238443606555
78 0.10485614716102051 0.08685472660207234
79 0.4408387320139062 0.2849866388181853
80 0.3660865833239987 0.2543683930410779
81 0.29999577087851825 0.2731530555202702
82 0.36304677728565726 0.21470230896494605
83 0.10397869464817308 0.022948671425444343
84 0.004799925390920085 0.0027218843031218943
85 0.05035502684194452 0.015184675645516867
86 0.0956473992117747 0.0727852934423967
87 0.1802904243785526 0.05986290000717591
88 0.3959313219790991 0.1954378396882822
89 0.15721547521603402 0.06095201679231847
90 0.0747777605267893 0.03540617163045747
91 0.15658137971137004 0.0950489948149517
92 0.5318599069502147 0.25973182596992417
93 0.14236549566262674 0.13281638187865666
94 0.04420737805588265 0.02512330504826491
95 0.03866902316836156 0.012654923425767394
96 0.17368567650588262 0.19012095985415123
97 0.24746547227844717 0.09468027738151036
98 0.028569560045708185 0.015579089813614555
99 0.40029276799149643 0.15345191185784157
100 0.07126751856468266 0.02315851455235041
101 0.010688107713042079 0.00437883960643388
102 0.15441626769176678 0.1513983981976939
103 0.7676462680214677 0.1997122733812164